image: berlintwo.png
resolution: 0.050000
origin: [-8.606540, -3.520793, 0.000000]
negate: 0
occupied_thresh: 0.65
free_thresh: 0.196

